470.08791277   50.30119371  194.94783878
  232.35009673  239.90359964  379.21276689
  227.39717613  261.56526307  378.62552702
  179.41468897  490.56259944  155.80984033
  408.86758180   40.41870486  496.53584642
  479.78538834  407.28319436  247.13739008
  222.33825153  297.82331567  151.47340634
  345.84624633  141.41286717  449.17940036
  131.95515400  415.43426821   95.59866041
  219.50338374  442.90922582  297.13902826
   21.01495761  314.61387997  379.43759436
  105.39621731  381.82348835  381.64460762
  453.64023373    4.59651273  182.45271531
  226.72771567  329.43549905  119.84485655
  256.53569322  471.11503701  171.65865239
  238.54875139  264.29094161  417.35604831
  488.60970471  187.82141750  166.10679748
  448.60788822   85.06043047  357.77463078
   34.77290019   89.27474439  282.60329723
  160.99759351  215.99455976  318.25621426
  474.18125581  301.60272011  162.13016764
  111.42376220  131.60441195  252.04351544
  372.36717573   42.39297300  297.52353063
  414.65957348   98.03888517  339.85274342
  301.63068449  404.89052112  466.40331298
  383.35965325  332.45706682  444.45802396
  259.23019418  388.30052087  184.66274211
   24.77965356  236.71013117  113.69801592
  166.62941211  100.46867778  215.59041532
  432.60448483   69.42192637  329.25539177
  430.30791321  386.87836835  330.90684299
  272.06477252  317.15882231   18.06046255
  211.75714113  338.07394129  358.72260950
  490.16258759  351.30295477  300.21447050
  194.11327442  363.48759418   37.31856149
  230.94433080  251.90347061  336.25995368
  204.00366638  342.02139045  235.12598422
  354.62996364  183.59693942  468.93091729
  132.85315240  305.82219227   17.85317453
  204.62833413  345.78734636  173.60320620
   30.58845582  144.08932302  345.65679275
  386.79343920  220.01535617  385.36721812
  367.12217772  215.49849102  439.49659114
  241.14769619  315.22336759   16.65663660
  101.44305974    4.51175598  262.01231281
   56.81397329  299.25307015  238.45365232
  345.44965744  303.60597849  340.70727706
   23.61798794  166.92160883  344.62069110
  313.14159155  468.25722814   97.76689589
  362.75215311   18.24106869   90.49249644
   18.98734469  341.24713577    4.33213578
  200.54633138  182.40779379  114.74300743
  467.99300114  395.06531258  251.13606080
  456.15914890  333.81006867  302.49260898
  331.22349056  100.88064183   88.93508870
  187.66563418  439.41143933   97.68080614
  368.69101775  496.87933138  102.22438684
  341.26783907   72.37416878  235.76823529
  278.38666164   39.95553762  112.28521942
  249.24765864   63.33248029  474.01943418
  467.66813969  395.48482249  243.29588252
  255.76461987  477.47567702  276.24157884
  476.41200475   78.44191498  329.85866847
  257.86134330  309.63180688   95.73647143
  312.10819429  301.66256428  193.13870506
  482.48430367  261.89023256  107.42246077
  379.14005041  391.43371344  261.07874751
  141.20068822  332.58637915  309.28699478
  380.97974090   59.41378059  336.02570778
   54.00735916  279.62227662  446.63478558
  332.63108134  119.43561855   87.58186447
   56.21933176  291.85900216  329.42366724
  162.72842288   21.91744812   42.15717480
  398.92929461  448.38057955    3.98127102
  169.24516577   67.38592149  269.69293226
  316.32457215  438.23111974  295.69139045
   16.99583512  363.73819004   87.08445389
  213.01623185   19.39966480  183.62870663
  125.13233811  103.01821053  315.97223759
  427.97659806  291.38090696  238.54600957
    2.25925748  378.71360965  256.64538890
  109.86473143  493.04359317  291.17817521
  149.06594089  123.99533899   94.40013597
  386.03902389  187.65522583  473.39113670
  342.60353777  453.53473226  393.94385837
  310.83830665  305.27043606  467.28156156
   71.18398227  239.37566634   68.96938798
  358.29126462  272.74709754  415.95639102
  267.47132731  130.52659641   88.75493439
  360.00958356  110.91321808  178.62572318
  377.63895481  211.26189718  338.38978962
   26.20459482  398.30227439   17.13627131
  134.22764540   81.08356645  443.05218458
  169.55026239  181.74457550  264.71095812
  129.39631194  355.29396137  264.80489175
   50.20528415  426.80238855  288.96005195
  250.59940930  248.62837407  326.08244688
   29.10626071  233.03503600  264.91981516
  420.33916712  422.20258154  407.89216012
   24.67127597  128.25191305  234.02485393
  481.54139519  320.75303678  340.24331891
   43.24041322   16.91241026  337.74861574
   88.41547641   25.26453772   71.40672986
  241.84954743  372.47163057  334.04348262
  456.85583905  164.47762814  334.41861250
   19.54543506  454.55445214   77.76063139
  345.60770147  112.73605114   11.29282003
   22.30436801  127.13191126  177.84684896
  298.15428704  467.62743145  310.92213392
  475.31616015   31.40513923  327.53175978
  234.47013833  236.17660689  332.38310615
  378.70230468  465.50389780  302.44399493
   47.19874619   83.06322830  469.65794200
  256.95747634  382.00542331   26.36582117
  406.97661564  338.83398622  188.69014084
   77.42362392  474.63876420  108.09966434
  407.25755692  406.02914989  335.15177965
  422.98479744   94.49603296  240.18181917
  327.02534556  475.42753816  211.46204114
  362.90199106  203.25475728   80.64714616
  307.98959622  301.36647820  343.03296495
  354.92285341  401.77823007   98.45345169
  225.54892633  142.39385393  339.48541019
   36.05128669   45.03322098    9.09725014
  228.13599100   18.19958712  132.38463046
   77.11143605  231.97701667  355.30467331
  405.91788540    1.07397257   28.42808266
  316.94329530  172.91709781  350.79606250
  490.53761736  152.51639858  351.72721744
  119.53712344  193.48847866  318.56819391
  387.90312274  325.60209117   25.62767377
  243.64863946  490.90938676   17.05033171
  197.39320440  347.21152609  444.76209457
  402.88514243  218.81132516  298.58859686
  221.89436015  334.07294378  402.77281590
  206.57199860  277.77988315  121.19930595
   68.44885030  420.18305744  125.03607486
  129.43440483  257.48283248  411.43633762
  434.83125977   65.78154000  480.06973416
  378.30385069  365.64597487  342.92165314
  371.19236453  107.27874731   22.09640244
  457.92741798  195.27159410  195.23296367
  473.15035092  409.49334256  431.57008188
   96.12565394  458.55995081  369.72394772
  356.46208096  445.41221950  430.78445736
   20.77564851  471.56690144  237.13052976
  147.52437068  191.06153026  287.70442946
  187.93885782   26.18701647  245.17887644
    9.67716452  299.83756372  107.29209600
  114.17870849   99.29970294  319.21575785
  141.41363551  189.95328645  360.89218954
  198.36052507   10.64257078  106.15337606
   18.68961436   42.23901162  354.62219096
  481.10170270  293.53045947  173.70021657
  427.64961849  480.03246603  258.59206656
  176.67720441  443.14646002  371.70314378
  364.23238334  243.23387444  222.00848357
  497.61057583  319.19477973   52.13235198
  434.11485507   25.24908288   95.73684661
  132.35985924  405.87843903  344.05578724
  155.92927560   58.78796838  102.24631205
  363.67425543  449.34554564  337.88004518
  491.31523818   66.29624330  101.35627985
  422.99297079  210.57422459  311.46796669
  262.16786841  476.82971928  124.48710074
  157.71242632   90.71693426  177.55761112
  496.66247585  219.39101409  102.44516757
   55.94981074  487.18253896  439.77745871
  143.35616288  431.44123611  316.77571932
  323.02923898  373.67014289  463.73199224
   64.44356189   66.46997854  292.05684937
  486.58082883  158.07723937  441.04590143
  473.74834923  303.87793481  291.63059592
  208.89749910  298.37758733   86.15957626
  333.94602044  163.00508431  104.17164862
  424.60633814  152.29401805  101.44724053
   33.04640307  274.84350403  110.66251745
  308.44846268  450.17097493  305.74112634
  278.10990810  311.32003321  339.92904310
  448.15028527  402.84024992  370.23843689
  119.36811710  309.46272446  238.18741077
  392.57944511  291.66011580  153.28695015
  468.23502302  305.99905849  130.41563809
   59.97709622   69.58705867  220.65878303
  130.83170354  458.16853757  253.04594865
  472.27499962   71.81422532  353.53644490
  303.99062435  409.57724452  255.16040524
  294.85510822   53.79802587    0.61987671
   93.97452325  475.96169206  237.47507827
  418.50177808  406.18463132  105.14577681
  432.27875729  197.95393633   18.45618943
   78.42668318  113.29658989  293.32459775
  189.25976550  276.96736157  104.53578051
  265.97208311  183.29401928  480.11353086
  350.79073225  444.62261285  195.16846452
   17.51270540  346.22637489  481.23110042
  258.51517457  445.58216746  286.30989561
  440.79923630  215.70177783  107.09153488
  207.43722441  116.11751081   77.61374144
  263.68634052  437.97345459  108.66138339
  331.49634674  233.49070549  434.58194037
  154.43093602  202.26227474  466.57347825
  477.18198597  461.77224194  370.41692684
  166.94850761  482.30355978  129.73881456
  111.91158609  424.82625054   20.64848066
  444.95001571   88.94663609   86.35426245
  124.94618297  491.84708118  295.78396440
  135.37069380   52.86573097  497.72546649
   88.74510553  112.64343139  238.69919712
  404.11552468  490.53569032  317.17632498
  320.61420202  142.41205931  411.08492374
   53.80617468  341.73910746  311.49620243
   83.10039286  472.25781061   80.70757682
  486.53219144  297.03618189   81.15529244
  168.26176579  467.65290913  345.50346240
  293.57547952  155.34461875  180.30982252
   69.78820421  220.31566422  257.36550908
   32.78168951    0.84783714   10.79622334
  299.74770738  104.84029569   75.59463093
   33.33266016  489.81371948  468.46607753
   38.66166178   37.50526054  333.02412714
  201.95676386  339.99223386  243.08161996
   81.69052320   23.44463923   21.15453543
  468.17130113  190.64604491  483.70590192
  296.78714648  395.46454449  361.77359770
  112.25231085  263.84517737  113.69434930
  494.40308536  260.83282630  338.57613181
  121.02872837  201.46670358  309.49237115
  355.04173545  408.53411074  294.11529692
  497.98163275  258.45507036  340.73324874
  184.12901935  181.57520552   96.15269168
  231.35289907   92.16546088  351.95714951
  453.23008976   98.83495251   16.07413141
   17.72628318  140.04112645  241.63326350
  407.34003713  311.61355743  192.38301539
   63.59660466  115.63565396   88.85409922
  475.09954599  287.52491691  108.02284120
  235.42419211  240.58194052   20.20383372
   99.22496198  433.97541344  292.35017300
  195.38307024  381.15845952  103.94638032
   54.19742549   10.90056911  441.02287168
  334.53325656  300.92506923  260.77847183
  297.43242098  420.06302377   15.58170809
  437.54652684  100.38271614   98.18641266
  208.20726855   25.76357986  273.83760535
   40.56225135  483.31870139  148.24216999
   59.46365860  233.86597070  436.91862888
  337.35120502  302.13327141  427.58860362
  489.28773072   80.62094657   94.55345240
   23.23241066  254.54568118  308.33628561
  260.13516635    9.01115520  426.43252946
  164.93939515  149.72231630  198.42587411
  145.74770331  194.04582441  308.45835924
  360.24956299  242.91370224  337.08454243
  265.65844182   11.29704155  206.70722019
  344.31715994  405.79038214  465.69483667
  386.55845869   55.24000910  131.76511132
  123.94972332  350.03685951   39.39248226
  155.88875832   35.08524624  294.62553506
   11.72250549  467.19565562  189.30822664
  108.95710980  417.86522486   16.44526668
  236.05373921   76.54121309  257.43121095
  290.03872321    1.29606305  340.88970835
  275.93162904  352.41441925  443.75050565
  441.28106464  286.42020623  339.77320506
  249.44786195   72.45735052  312.11313286
  448.13869501  318.79143495  488.30613808
  177.65624886  368.30469707  316.68647087
  445.92886666   43.79164390  465.67473610
   24.29100157   66.50413107  239.64071460
  231.88371697  150.55646261  170.54497483
  191.88119375  118.80311322  364.50824526
   44.77173395  458.05278150   96.75948254
   59.17240281   52.77463999  362.80791205
  404.98420078  252.22649911  342.26592339
  103.63891549  424.07761629  258.19875415
  457.65570767   24.76745838  133.16613964
    6.11008899  311.88286344  350.71508586
  397.38731273  345.17695289  125.38889516
  134.39110018  439.22573424  403.41352743
   59.22998938    4.57993648  437.08158781
  402.91935747  258.87365368   97.02931582
  185.31315261  433.78469720  260.04242897
  361.60580277  491.82976961  302.09417462
  380.62491240  350.92204588  493.81212945
  499.04468159  252.61028111  293.32278172
  235.99332725   64.44183891  191.77596733
  350.01159103  484.73703473  292.82062209
  106.10282312  335.67537718  464.67956287
  164.69368417  337.00603874   49.82166384
   58.06432113  268.50582957  318.06411505
  449.73119736  375.27183533  165.85507810
  327.17027749  254.22479766  171.04508834
    4.82565780  330.64127300    9.73913115
  333.42678183  132.54150583   92.61243583
  148.10618324  354.83479127  458.90587568
  466.15934496  387.69254958  319.26483661
  394.71834898  153.96617209  128.30934746
  419.14198867  390.46359594  429.83362185
  440.11915848  127.77063064  346.62826173
   90.99398422  344.66868990  401.14347724
  192.69379665  183.41297014  333.91638974
  236.66547301  459.83346303  452.32738554
   95.30852464  490.90577120   86.25783060
  155.66427509  342.34495627  192.92961640
  369.85095011  101.17820299  353.44048093
  343.50094199  161.05054071  307.21790923
  224.91980631  311.17640436  317.77231051
  292.39517543  403.17947417  269.29439697
  454.86230891   91.94653738  305.02404941
  378.74246456  447.84424115   32.43032606
  327.21678582  382.86173013  306.31025301
  180.69146361  473.77066208   22.10099410
  186.33598089    6.82552375  377.76914961
  432.31293666  199.51238004  203.43416770
  130.60584609  362.38828412   57.68963929
  167.16363821  203.18035422  116.55828074
  251.82366868   29.81795495   56.10765563
  281.82376529   23.83073635   92.03021699
  134.25096344  206.40064162  172.89577950
  469.78224108  366.99168776  384.81760182
  311.39352459  127.95639038  322.40462647
  166.97798263  218.11622381   53.38241634
  116.71086497  302.58954821    3.30631309
  166.06967986   12.40801297  255.52381635
  390.27047299  196.32655595  323.65649939
  385.19915397  421.11004483   31.79573589
  224.68142807  414.14109588  279.45518851
  463.04078251  466.83808416  450.12544543
  383.80340219  208.30116391  482.80897141
  223.35802944  108.23831014  112.89945553
  490.13982713  215.41266330  309.28695326
  434.73052979  426.90202221  452.29671523
  161.96101794  184.40950358    7.22898695
  209.33164582  351.02483481  313.54718953
  432.74825687  281.27096966   89.65603262
  176.87216997  207.93798804  104.54922289
  480.52264197  344.16224190  314.32062813
   51.81649445  463.41105354  169.99463815
  369.21946272  109.15684988  360.70812998
  366.63643951  488.46523269  324.17021497
  397.09042907  449.32268858  396.72535757
  482.96245933  234.28958248   53.12005430
  104.56249173  448.42498060  169.48627432
  496.94141036    1.99783402   47.79742853
  222.44817199   38.63755647  438.65233660
  170.56234820  226.79872438   92.39856074
  261.89205614  398.42960238  339.39218924
  145.57412486   93.82842481  168.85308308
  190.44245034  163.21392628   54.33343436
   24.26461308   70.97077302  205.28788661
   56.03967860  292.85784125  419.53736067
   89.97125208  218.46771300  408.39342594
   21.85291514  365.07656862  218.37198580
  172.67710200  252.90610813  330.00107110
   13.12354568  427.61481926  333.60622916
  346.82575294  442.75151406  191.81185375
  230.88397148  372.46877824  454.43385467
  436.06087085  145.86733955  319.00588639
  406.96873665  120.43724775   68.24497610
  192.26735524  280.90789476  105.97096537
   21.20114211  276.70022303   43.99669831
  431.94800864  286.08695169  446.09588012
  104.25695622  445.19043962  452.94004058
  484.54922438  308.95503324  322.11839236
  247.80020863  220.25437314   38.68244063
  181.96163078  336.24898891  458.14218372
  124.58985385    1.17154997  333.47638754
    6.28885633   70.85715691   63.38765737
   57.37733224  215.40538780  147.36132184
  488.81164464   87.54924245   52.90957862
  111.05786785   68.58300455  117.76438095
  159.07234586  172.33991397  381.81421703
  242.37775981  332.45276213  304.32068586
  281.99143211  253.37685849  208.86383951
  474.85156038  287.91813446  331.88244062
  292.12558508  384.60663199  165.19489646
   87.96446584  101.03384852  339.80537057
    3.78866487  209.54698175  104.64110225
  246.71582645  112.06181487  180.95421465
  416.94337062  354.96232726  160.90185365
  478.37322231   41.08946886  122.55307030
   50.53626939  323.68797395   74.54803696
  324.19087866  495.93088647  117.53111564
  410.67654391  355.08281655  335.03824307
  233.49236729  350.69442184  379.15773755
  113.44316534  328.80914889   45.59332860
   17.64185302  436.40672207  481.75420046
  355.64980388  260.80391169  301.66874051
  319.19753145  252.40193172  377.88800082
   59.25804603   98.25327798  320.55199017
  184.83619747  269.36711016   57.53594992
  319.23887033  256.09006316  222.11916139
  274.83882927  442.75452540  444.07455394
  439.10442293  451.29769444  451.76927149
  403.01837441  160.35915373  328.14607355
  129.43940580   87.60842055  283.50949168
  183.80569354   48.72570403  127.76879438
  366.28983112   55.99204608  291.65166731
   67.01943247  152.48773557  453.42749109
   41.66606069  344.99205152  271.38046424
  376.38121301  402.50855684  298.67461866
  362.56209854   81.71418612  273.79557118
  162.58198188  275.31344609  333.35926384
  375.67052990  388.22752858  114.76516382
  266.20161906  120.68623211  283.00891320
  481.66003688  362.45856908   34.33110345
  325.04213929    8.15542478  306.95130825
  433.41451206  278.32843228   55.34190075
  377.73192094  168.62320486  316.92773600
  326.66668659  182.63099288  423.21116386
  363.22575401   92.53799814   35.21508080
  395.49367130  478.83137535  178.61341203
   36.46625545  496.15354430   47.45733416
    5.00286621  228.22012394  189.91181530
  332.17769563  268.85473430  206.71751300
   69.84968483  186.01696031  186.13125773
  443.44998313  417.86158474  283.72552084
  243.36095750  397.38700837  212.49357946
  420.14135420  312.54152829  248.78518470
  439.76367079  426.83450505  329.90006357
  479.55159595  297.66959324  452.83436030
    3.05128194  411.79378986   22.06762865
  123.13819914  439.37103586   93.26649356
  391.01735006   62.33088160  245.14235184
  492.67621959   17.22366402  272.79456084
  379.00567800  110.24934147  274.13627692
  372.15673089   56.56122565  312.78326988
   10.55480252   43.79287938   36.62635081
  442.26805049  419.08491619  328.01419400
  348.35389753   61.17970481  448.58229409
  165.19330442  422.95614173  125.00910629
   14.28262643  159.97570705   60.87107728
  299.75857195   91.77952934   19.11181992
  360.37440838   89.23909549  313.58924797
   75.14130009  416.42214358  307.48057939
  467.45011104  421.96576510  459.62973684
  173.17520920  434.58895199  427.58861184
  218.25556883  478.82168421   17.48183749
   78.30679630  469.13822208  227.01750909
  383.87672197   39.17143934   64.56208365
  162.78023894   81.31718853  320.37208726
  174.98123884  264.54570651  307.29069710
  178.98733112   28.71715048  439.08283688
   36.24270179  172.77824134   28.23535819
  125.11058346  432.66162665  330.64420327
  259.41826355  256.67881870    9.26184519
  497.16446300  293.07710131  447.89017364
  183.05064050  268.08613539  403.42474328
   76.49955102   79.74875333  303.58078665
  377.05094239  328.33764368  110.95409635
  248.84619541  397.56149325  286.08549093
  364.23873901  338.17903996  297.71639854
  430.72365495  176.31101541   93.46457740
  322.28921302  403.08810411  125.79287691
  217.83419967  443.39059234  323.59038234
  140.62563765  356.57251005  457.80544356
  124.12077983  178.23792398    4.05634833
  251.28516665  227.06524697  366.10917692
  335.69450238  362.61593945  461.97328410
  458.17923918   20.64578864  179.75117639
  111.52008269   91.72239061  458.78420584
  473.07981551  342.81276979   23.14991766
  121.47515850  239.05461055  140.40640450
   88.62033965  102.35252950   19.59837261
  413.47589970  391.98626637  311.88145518
  296.86656697  391.73817018  100.46596106
   29.99808420  108.53451437   94.60219608
   12.89345856  321.43844292  331.61210765
  324.16434586   11.46065274   24.08475285
  377.72089761  322.19900385  311.58047655
  186.32734338  265.70710196  308.68718601
  460.99706822  366.64704151  350.01924800
  370.76421910  218.90892627  384.48722412
  471.60325267   38.13403625   68.31787019
  326.61637553  194.42172956  314.10815318
  386.03902676   67.31669198  144.83606409
   15.03183066  455.34390784  313.12384055
  494.23098564  196.93694296  459.07422641
    8.54760862   73.87454784  111.14099502
  415.89122805  435.07211989  271.56296167
  375.81310953  339.27004359  316.85960293
  241.03935529  105.28742382  485.92722602
  440.24948193  162.14150061  424.03653005
   18.58141213  413.43713420  464.04324647
  187.37506809  363.29249694   74.43140504
  146.24234763  116.39404974   70.23565607
  180.21857668  272.59456260  126.17777998
  316.54899981   17.23143355  269.87243582
  484.04965028  337.60224655  311.24922857
  299.68166622  204.75880666   68.27215783
  343.56542385  133.46924860  164.52920372
  479.04000826  337.26768020  152.50347336
  425.91376866  248.71926711  283.08746394
   39.93642268  408.56747702  111.70723196
  197.10217817  464.42573231  314.56926007
  277.66397946  469.00945727  455.83923512
  109.07184649  110.74688489  283.81529631
  229.86448050  235.07758856  310.65306306
  101.42493993   83.89181737  455.70675656
  236.51224251   80.36612285  458.53050550
  400.19276440  365.85969031   88.39851245
  349.62930869   35.56505387  309.99094383
  267.69241920  360.71814711  424.55806526
  382.43282835  120.14521162  165.96533358
  176.87424208  121.36190257  203.26323765
  176.15459593  108.85505032  281.31493820
  149.32200579  232.76108024  294.41705453
  434.55424905  185.65148022  150.94188601
  480.13585682   28.09365575  457.39252617
  106.99223842  356.09523723  313.28288179
   77.61545916  459.80587088  170.72007831
  376.58601999  413.91990162    4.40416876
  248.15620840   44.40309316  484.22988892
  320.07999030   65.21674761  312.28323625
  361.51937121  132.65572018   57.46101059
  337.53892237  262.08254289   31.42512666
  178.03027194  379.96821449  312.47414190
  324.36518371  406.10705564  454.85812301
  162.60981321   49.23308507  309.43088770
   37.78454972  166.59834112  480.77226058
  163.26213193   68.23962958  250.76891358
  197.72571325  444.39553756  315.73443229
  470.51447431  390.56750139    1.49300836
  215.82505899  313.56365513  429.27567661
  104.86296006  413.60818408  454.15745769
  280.15729434  115.74394322  465.23327687
  359.60040331  204.02158141    7.41669569
  418.88559937  295.51673651  409.74968910
  135.92570932  469.66538534  322.71514395
  291.20535065   16.24562219  125.79255077
  110.07267005  388.84298452  350.96463561
  309.49609325   22.70537880  311.58075080
  427.95335987  192.94566564  235.00064598
  245.43859243  188.10260594  111.80933475
   84.83302234  357.77902192  320.83450104
  329.77732519  484.11920418  448.31902285
  224.98966157  398.11234176  457.53637155
  107.26526312  351.19929097   70.93182985
  477.91977939  305.95159271  368.39989735
  325.59623321  224.86966307  153.77571321
   20.69054701  212.82293608  251.54878434
   32.33771162  415.31929238   59.64355238
  441.30313065  256.29518264  338.31371533
  222.36232817  343.05283070  299.72345233
  163.95990837  120.96698439  425.50425117
  218.35168836   25.71442845  132.91222422
   18.16850843  124.25002370  312.29622089
  369.14644361   54.52924863  299.25309420
   30.66927505   80.17041534  309.31747811
  259.13094729  264.36857227  155.62461736
   70.64775919  204.68439704   25.56760457
  141.37816121  348.53226255  347.05735178
   66.58571303  330.87743402  431.11309052
  158.79293442  180.35379887  203.71880949
  103.11159732   37.84595995  317.23505162
   28.38024624  434.89482045  223.50700676
  234.61886438  256.13862505  330.59921402
  116.56956375   63.37419122    7.01021930
  212.23732543  122.61872997  287.66903740
   82.84875344  214.68101645   52.62320116
  455.87330384  116.27400691  308.42696659
   77.72804149  494.09378741  478.18856524
  218.74178350  269.68585253   90.91574997
  157.27998141   57.56679440  260.31167367
  331.28498933  488.67127913  499.16473995
  429.86208200   81.39997040  410.52378261
  256.34369969  475.96275687   17.44367927
   95.83381408  166.36508641  207.66345101
   26.80354007  336.82312884  156.82676028
  214.90117678  206.00402298  410.71085976
  248.31985056  215.52201867  129.48385298
  196.43134624   15.88721277  430.87646094
  195.99933987  145.86636230  426.56115345
  302.89331575  149.66248886  349.69060537
  103.63176465  212.02675564  348.47718974
  127.10883583  453.21576641  378.29987017
  121.49105479  188.98337564  423.94516101
    1.79522876  482.22353242  262.28712093
  317.32449432   67.79507144  237.17015982
  286.26065110  431.05377719  395.26553298
  470.15618051  307.18345502  245.40373420
   81.47598462   22.06463312  424.88337557
   86.10978693  215.86128712  112.13846594
  446.15108588  320.20579278  140.48402553
  389.24099207  372.48097658  404.56104875
  333.38237235  417.36979995  123.37930926
  124.18444068  264.50224276  133.78423508
   89.94827860  158.78845616  139.28519393
  370.27242013  499.05592629  172.22194118
  496.71969811  396.64722482   11.37173809
  451.63040436   16.54413042  261.77053268
  262.14005828  374.95627522   82.53426909
   59.59412043   48.15048591  228.68568663
  111.74449611  396.52018134  261.30396128
  294.97203112  476.25144005  343.88791084
  407.79195428  391.02634907  477.28315592
   75.11065431   11.04511669  230.96746648
  103.49514109   92.65835972  350.87350011
  246.36038166  338.28073999  430.00676969
   57.23345007  357.13079916  258.77090830
  406.08407497  110.02331793  335.38157225
  372.78907001  317.38431826  441.33810997
  383.27811899   17.18235653  229.59858612
  306.71650171  340.20025376    8.29736190
  165.27710541  360.39146467  350.42648723
  140.90365084  182.37684755  430.19778588
   72.29264961  164.34293714  484.68464342
  115.92905927   89.96839511  313.85323654
   66.61203925  451.22163710  401.89932999
  342.58674356  256.78536567  232.38755695
  243.68992318  212.94058795   14.53911845
  411.19652629  180.03585279  433.44121456
  187.61452320  134.11816372  219.54924192
   38.23759203  326.62948197  306.74278352
  312.06971655  231.15453186  473.19512069
  353.92036662  205.80673665  431.54449612
  104.23964289  484.04557790   10.06738220
  464.92013708  124.35071326  497.46125688
  494.20708170  208.53764440  427.95907458
  424.66953267  306.79008883  305.97778896
  183.17036269  234.20622634   88.28828825
  237.47943448  204.34146747  290.87172555
  368.51809025  108.62055123  339.26455021
  392.73745509  378.18905482  262.95220967
  167.91581649   10.19573702  245.08914351
  213.42317879   66.11638516   28.86611991
   62.67474778  231.75058234   22.61490945
  181.96220372  312.56412941  385.94101952
  102.91963114  458.34047303  491.62613469
  279.28659209   52.76847051  414.94720181
  383.62613427   80.68480396  207.01105627
   87.05304952  180.54298797  241.26014697
  474.23448678  427.84267183  379.75532009
  464.30934717  400.34912527  335.60371647
  299.43127262  187.35685328  445.80711784
  106.18868431   91.68132159  234.16371095
   35.24590383   78.41493338  445.92210452
  190.98666491  196.85978330  451.94206635
   71.73631781  286.20961850  414.60271315
  474.26455002   81.14998741   20.72560973
   78.06870617   28.67671909  447.17553699
  107.08875768   74.33425821  249.47343705
  258.30576977  431.81857563   32.13398038
  231.41558942  325.31124353  113.70417171
  409.40129872  367.05843187  412.73394686
  192.81774539  276.34260721  447.57359999
  423.87715139  114.54795732  108.48223967
    6.71766638  271.78565661  130.96433310
  310.65718017  420.96934400  495.09387667
  406.84910970  116.75585274  325.80128312
   69.14782315  156.37497425   90.02493680
  422.94862731  469.78674423    3.72063134
  128.13680917  286.95874140  428.81581932
  413.61453987  317.98421911  407.44911347
  154.89374846  499.36432938  323.73691897
    9.56994528    9.34496670    1.77039577
  369.07577515   67.86972621  324.41148091
  290.17917688   94.94864568  477.69477218
  387.60979703   29.94171530  269.91595786
  267.98987902    7.03894008  416.23440385
   44.89257559   87.23857423  139.72401483
  342.00077436   99.79952635  136.51802933
  134.43340879  450.60373648  322.20076348
    8.57252355  448.83748227  121.67783026
  245.31221714   59.72859830  348.04292736
  283.85987629  275.43401718  227.10996121
  338.82273463   28.42601397  133.34567913
  487.05208302  359.21883842  262.34492400
  397.60950633  109.10383080  325.76732657
   90.20920741   62.89726496  141.05792953
  401.49269769  371.56243508  217.69466366
   10.00886725   34.09038224   47.47085576
  194.41884204   14.28564334  217.27352562
  442.48015523  302.25019693  175.23984790
   55.10263890    2.60696243  348.25166563
   39.68365102  380.04742066  283.12741965
  494.30222897  411.24222997  177.97573481
  443.28320388  275.59654099  178.85478925
  104.59560257  345.82872282  341.64250303
  420.92575706  348.80186617  268.72190718
  468.88518333   30.92430405   92.35519984
  492.29118109  274.33881879  283.70005131
   55.25656841   22.94246750  358.05809806
  130.22380748  215.04718864  260.77238470
   95.91675497  279.89730239  279.17977635
  118.77293078   82.19599413  349.50006505
  107.71359935  392.74644067  435.08897800
  108.52049760   60.16885213  344.40970090
  433.40442461  213.04480819  290.43945845
  235.23808874  364.70751677  227.63989724
  372.25560844  488.56024692  253.53847444
  280.34863147  432.77234652  340.57245742
  175.10170162  264.63894963  285.37097216
  285.27555443  395.13576260  255.11377821
   66.55347369  149.75193713  118.42929572
  374.59922314    6.03652377  307.82004476
  184.15390872   69.13142680  252.62160485
   69.50334764  337.06565472  155.64876253
   83.92074704  453.54151319  158.32868963
  220.04229232  495.12567887  251.88008065
  397.04838266  346.26815500  231.80833005
  133.92576935  278.41368626   89.57450169
  285.69177747  350.18077135  477.74457455
   37.71996790  432.19579303  381.89970151
  261.34381520  240.92440204  431.84254293
  285.70879659  409.57386840  258.67546374
  245.91242347  263.20837263  114.61218008
  399.22687005    5.69528212  308.02587623
   88.24703222  186.11679412  420.63292861
  382.51300715  406.92636743  499.68510121
  306.89508965  208.42508102  234.47824083
   94.58025545  430.21325961   14.92932261
  475.01611114  492.31385350  357.97481179
  376.55115247  448.86442542  338.41232419
  186.67134304  394.19251816  160.01678800
  132.19191300  202.38237414  155.37687695
  375.97757816  449.82202530  337.73503423
  156.14975989  103.65870368  138.60653730
  239.28379105   47.92684624  304.88104665
  122.34481322  244.55346032  155.14911643
   71.27760404  291.48201325   98.84045938
  272.20233116   95.17079240  284.30553691
  241.33376433  496.58937408  169.55326096
  452.68647472  316.76679254  398.69095087
  441.56715771  120.76067924  337.66005809
  257.16881081  263.87993619  303.88390645
  148.74090382  378.51305349  313.35220167
  223.44038785  378.52212489  328.35561335
   39.30065741   98.04575065  337.75021455
   47.45057616   91.27359167   51.31524894
  418.49591551  260.56152323  497.72164614
  404.41031754  375.81887435  455.16814969
  172.03859861  353.93143818  418.33246623
  144.94187873   36.68297699  435.92759042
   96.33989276  137.40053967  495.58673475
  105.89028279  226.79153927  494.82793393
  370.76807499    2.63357643   53.04946303
  199.09515264  149.51539299  494.02239530
  183.92892648  111.38459016  246.64721545
  176.99080184  356.28634393  380.06526008
  233.29476299  254.58690395  162.53241702
  305.34315109  231.76638476  497.14722389
  217.00660725  149.99505026  335.83717474
  303.25661765  121.01748668    5.07190265
   38.79827773  284.50070818  420.71640119
  116.04412029   29.49933098  355.49306150
  149.28149538  442.28959013  315.37742629
    0.36196765  476.86712173  182.85719238
   83.09169420   28.73833686  159.81678402
  452.47998834  386.75287977  477.04659364
    9.12140462  177.59720755   10.87172657
  300.29701392  335.60540875   29.48600656
   99.86949801  260.18369794  418.08136344
  341.70817882  323.42912555  313.45786601
  174.94532179  239.95464009  313.60870600
   60.39519981  400.47449561  254.95460859
  330.61192735  271.28021095   96.25053924
  476.25433405  361.55742497  496.02998387
  309.71187601  370.84719911  472.29965528
  414.91082040  361.87071421  148.89637923
  471.98027041  287.33028140  139.72979784
  488.38856284   24.53972186  341.41276670
  218.04837048  473.29570293  499.20076132
  326.20263696   26.43010736  221.77674055
   41.17598794  271.64919823  324.64064658
  499.41013008    2.57238738  248.36697492
  346.70475977  351.68599940  421.01077806
  250.39572969  357.76379434  424.44302367
  490.80844686  186.40138055  454.90163256
  440.04678597  460.59887565  429.26511168
  330.22704720    5.24526672  472.14007378
  400.90038095  398.35618969  223.19675131
  158.34894151  327.01882912  311.04602256
  430.95043740  106.84577617  434.58049876
  238.93475224   89.72267755  433.59391443
  451.52427008  271.82908232  473.05455059
  425.75534806  155.27455136  112.27785982
  457.33236136  138.17056705  139.83953975
    3.05022395  496.08552998  148.13482626
   15.61520597  316.48689412  253.02331005
  493.29143975  154.39643711  191.29020614
   11.65582959  375.99955906  142.13588698
  479.35240436   86.77633386  250.45478530
  286.49095694  212.51231929    6.18413840
  489.10906567  108.14685403  354.10046348
  316.80522207  340.12361336  476.67023540
   77.93938298   70.93482819  275.74908024
  263.12730814  394.68340027   54.96635288
  382.67580668   16.96608417  343.14285467
  367.01316237  413.45986962  397.13410735
  306.87544578   96.85453524  101.74493347
  172.56146281  223.24398549  218.32302666
  393.44008515  499.05577054  232.23849138
  340.00902107  353.99875618  255.71728211
  113.00350175  326.03071824  344.84360140
  236.04729678  261.18650474  373.01426195
  260.43166908  103.35721247  461.10491569
  219.03342754  226.41298609  286.66746865
  476.71166875  256.65355135  155.06566722
  204.17104181  499.68578450  352.80514917
  123.50858444   83.42981394  152.51360061
  413.45086481  315.79394745  499.52703395
  399.76581931  427.48727836  212.23408589
  372.62242913  254.03609157  305.44574142
  119.05647595  174.36945789  254.31678050
  450.99405102  372.62629037  175.44937328
  384.63042552  487.05624541  254.48558852
  104.67406952  383.06483254    3.48309773
  474.65827192  392.28423685  471.70151522
  241.24514014  165.58736960  175.44694841
   55.32980198   92.00987546  186.89239537
  281.64977367   47.71311821  315.84008251
  162.44153549  164.01544991  174.94628805
  282.00582587   18.93070469  257.71068839
  154.68084526   30.06590330  247.59666392
  471.45324369  207.36314260  134.49683641
  332.67816334  200.34529127   85.49201559
   19.66337516   86.02116228  438.39305869
  485.19199448  313.05333866  285.49865527
   73.20142797  241.64008317   61.34290977
  478.28410695  255.05344829   19.15870919
  390.95131693  248.83607749  111.14473256
  101.25161233  212.45538579  121.84938382
  227.89651041  200.30423025  288.49109549
  413.77960300  358.40070761   99.74675728
  136.55458497  172.69848003  173.83147031
  288.94582650   69.10662580   92.97903368
   28.35720821  417.22843536  328.78606056
  223.88312804  392.52218086  341.89064606
  200.14703428  483.78233560    0.41661831
  453.03396583  238.77990799  485.95353961
  389.54357532  122.96942215  119.07334931
  348.88726744   52.80828154  118.08199842
  475.62683080   73.82362833  205.05109158
  436.78835034   33.34456899  457.41356477
  447.95166633  473.88826175  449.68705936
  339.00190627  286.71970175  488.60813327
  311.27943712  120.24250868  155.03759857
  418.39775251  351.50534972  264.00013604
  201.76432238  265.73088415   94.96860929
  286.27828712  357.01090775  114.93561552
   47.30194777  220.26989818  369.00825500
  129.81165449  207.07109358  354.89777582
  394.82319479  332.88644875  433.92799546
    1.31530620  147.30161987  298.01823820
  489.31351304   19.20078488  240.26017967
  353.85261935  234.49643816  392.61347399
  140.95539808  498.32911968  406.63837194
   96.86460656  199.08934211  248.06371766
   95.91718323  349.06538373  121.49823491
  259.37655110  256.55067311  250.47436013
  336.72974706  106.61082000  238.18697393
  403.23159228  178.95612185  114.45098273
  437.42374420  412.83750296   43.81783724
   30.59552996  370.79231015  397.63928524
  324.53714256  430.89401501  179.63882729
  264.56702026   88.37843212  121.30314552
  367.31551836  279.44988136  431.08608449
   94.40058832  388.27162215  197.73939891
  189.96514066  345.60871909  325.62234527
  178.52965108  448.84242835  136.39016394
   80.62392592   39.70194727  441.58388376
  329.52047343  355.59798913    5.73921566
   24.64110732  411.44674297  473.95140241
    8.99532231  116.80905627  492.66669367
  113.85896429  436.22805855  114.18318579
  456.67901754   71.94995612  497.68296719
  380.58122878  390.18179591  345.54003638
  498.12955782  361.27408966  299.52314682
  323.16652685  433.04023768  438.88320774
   96.77951473  369.28920448  169.82266555
  119.77937631  316.73605527  239.96145757
  323.56943534  233.88006767  278.46527902
  463.26215451  132.92057239  274.66318355
  320.71667368  365.15084451   13.15773315
  473.91269424  325.07549497    6.20088965
  457.62703635   45.76534151  120.24039098
  167.73350766  324.86413190  482.57173025
  332.61860650  213.24265055  170.06124813
    6.30029877   83.71147310  455.00519330
  336.85610568   71.89458267  260.56658601
  212.73879910  356.40832511  237.71174523
   17.22756126  300.97583756  403.90218571
  269.63785978   98.93886602  388.37066751
  422.06069361  123.37755412   94.24508340
  280.64392259  238.96742488  196.36907987
  330.88443125  306.87564391   96.99374465
  146.15366654  347.14020416  121.88757653
  121.70721710   67.43609995   72.18725741
   83.72391661  216.42881880  355.04052838
  125.11881601  301.49251968   97.74762898
  373.47426896  398.58902991  283.36811868
  159.53466594  168.55435252  322.09532857
  494.22820366  201.86607928  282.85203550
  215.04234274  281.98208080  256.94831323
  461.69809642  354.79941113  312.67263350
  499.55919981  365.57983607  116.06840007
  237.13122529  459.29298136  250.59518660
  413.55610953  224.35597645  483.02915030
   56.20290610    2.73410184   18.59114548
  353.69453980  112.83963919  343.21311919
   39.41225481   99.21056336  118.05044970
  235.65557420  271.09793425  491.32858753
  477.27251875  310.22275008  142.27115234
  343.50206375  261.95032120  292.64582634
  134.39627102   48.59940087  344.42044187
  324.55308239   72.63041257  379.81179605
  345.78968964  447.01703799  186.92715086
  214.95237070  273.26076434  185.22474520
   83.18497961  360.45051515  380.61478039
  484.18026475  351.12313468  289.27505589
  468.56157246  128.20926858  109.17118858
  151.51921447   63.89002369  311.95444188
   75.83148473  196.14874504  342.16204963
  353.36162647  250.08858616  263.98372650
   12.58977845  368.92646687  113.33561587
  352.11075677  226.95227298  459.30805140
   50.81255830  135.82684965  395.49438992
   23.79797246  102.29195589  113.37890980
  184.39489137  295.83061486  276.34104900
  147.38850615  381.25698375   86.06073340
   12.71800715   86.57192840  298.44709772
  266.96432713  143.56829930  301.31143497
  494.36927384   12.27647688   10.83375713
  154.12033184  101.15635685  279.70546318
  139.46321607  131.64327840  499.58749612
  441.67779437  246.86897315  344.08376443
  181.08999729  390.53636417  480.04015535
  495.04447430   63.31937760  324.16687608
   97.71936903  415.66317471  341.38040932
  105.82169984  365.24295683  124.06191571
  419.93624687  255.78010321  252.49971747
  364.31054895  110.51776229  333.77566064
   82.87255000  306.74359482  263.41977902
  446.16160017  252.74449476  457.63885092
  467.48712783  367.09194134  462.68399929
  172.96788622  213.51183250  483.76049364
  413.22345038   72.89037916  239.11654701
  120.50858302   15.44588796  221.25683401
   19.09617990  221.09393247  338.60883790
   68.40363535  331.69130059  255.93909763
   99.77427253  207.14709933  198.12450481
  308.41957981  330.27912967  119.22381634
   37.33916186   41.90116595  234.00624973
  146.93657247  179.22500459  247.42955218
  454.64008776  267.18262922  125.85230578
  210.80434680  492.80294538  330.30395746
  225.86889068  157.94861503  318.21633875
  388.10305119  298.31357479  185.57739019
  338.51854349  417.35196319   96.56427261
  106.77746474  265.71275946  279.81023304
  375.41215575   95.92277298   90.92048718
  212.06121147  291.50555780  408.59143933
  382.29420392  485.01416263  178.90514498
  438.51768662  244.95786891  205.19376572
  393.63652095  189.52970812  483.27445332
  267.15871486   92.92056437   94.92013295
  144.38512052   26.78873871  320.25400673
  143.47157289   28.78774787  373.69301373
  320.75290334   59.83864877  113.57583370
  349.97051582  401.60852671  248.91579077
  189.79642700  312.81497968   89.74240667
  304.24889349   34.82072156  348.00742337
  294.77436299  461.22115580  289.72072222
  239.38151850   14.50556481  234.14297803
  283.75003443  387.75939626  210.49370485
  483.64345379  427.62984774   95.07065223
  236.49290896  273.30312239  110.52580178
   90.76207557   75.98113907  344.52050640
  289.16394931  442.22407760   40.03030683
  467.45180271   72.64143906  127.64093754
  280.39721623  441.79820567  408.80415738
  175.60299858  346.79017961  484.19642342
  371.04835982  275.32210946  470.74952101
  456.85652586   69.20875494  105.95963953
  352.06932326   58.26391528  113.94348865
  363.20992311  245.88099557  430.81680064
  339.25404734  331.52202902   52.11553633
  253.69336253  185.48417024  329.16517691
  431.81725524  126.07137046  430.54901741
   52.33129803  125.17702534   40.71797216
  240.68414450  254.81584907  326.83331251
  344.26632027  358.83358452  483.55625735
  247.70423228  340.72314474  343.44966032
   37.28514431  425.07215909   48.91695614
   25.61563847  108.60577947  276.34551376
  437.30760217  212.54178733  272.65079916
  104.39209381  145.44451172   94.38214581
  432.56843232   19.69279863   37.13674755
  355.80172539  130.51153302  496.89185977
  225.90345717  334.87622211  268.61719787
  164.02340738   56.01337523    4.32717615
   83.84652743  470.64329771  487.33105554
  443.34622555  304.09763505  294.59422247
  486.00487471  180.50067008  410.44424415
   93.99826588  207.82056180  130.02728129
  263.67772371  150.22874943  207.94365608
  295.96012424  499.33462522  122.59222635
  202.63999803  344.67712867   47.52824712